We found a sample component with 132 configurations 

configurations found:
Configuration 0: (0, 0, 0, 1, 2, 3, 4)
Configuration 1: (1, 0, 0, 0, 2, 3, 4)
Configuration 2: (0, 1, 0, 0, 2, 3, 4)
Configuration 3: (0, 0, 1, 0, 2, 3, 4)
Configuration 4: (1, 2, 0, 0, 0, 3, 4)
Configuration 5: (1, 0, 0, 2, 0, 3, 4)
Configuration 6: (1, 0, 3, 0, 2, 0, 4)
Configuration 7: (1, 0, 0, 3, 2, 0, 4)
Configuration 8: (0, 1, 3, 0, 2, 0, 4)
Configuration 9: (0, 1, 0, 3, 2, 0, 4)
Configuration 10: (0, 2, 1, 0, 0, 3, 4)
Configuration 11: (0, 0, 1, 2, 0, 3, 4)
Configuration 12: (0, 2, 0, 1, 0, 3, 4)
Configuration 13: (1, 2, 3, 0, 0, 0, 4)
Configuration 14: (1, 2, 0, 3, 0, 0, 4)
Configuration 15: (1, 2, 0, 4, 0, 3, 0)
Configuration 16: (1, 2, 0, 0, 4, 3, 0)
Configuration 17: (0, 0, 3, 1, 2, 0, 4)
Configuration 18: (1, 0, 3, 2, 0, 0, 4)
Configuration 19: (1, 0, 3, 4, 2, 0, 0)
Configuration 20: (1, 0, 3, 0, 2, 4, 0)
Configuration 21: (3, 1, 0, 0, 2, 0, 4)
Configuration 22: (0, 1, 3, 4, 2, 0, 0)
Configuration 23: (0, 1, 3, 0, 2, 4, 0)
Configuration 24: (2, 0, 1, 0, 0, 3, 4)
Configuration 25: (0, 2, 1, 4, 0, 3, 0)
Configuration 26: (0, 2, 1, 0, 4, 3, 0)
Configuration 27: (1, 2, 3, 4, 0, 0, 0)
Configuration 28: (1, 2, 3, 0, 4, 0, 0)
Configuration 29: (1, 2, 3, 0, 0, 4, 0)
Configuration 30: (0, 2, 0, 1, 4, 3, 0)
Configuration 31: (1, 2, 0, 3, 4, 0, 0)
Configuration 32: (1, 2, 0, 0, 4, 0, 3)
Configuration 33: (0, 0, 3, 1, 2, 4, 0)
Configuration 34: (1, 0, 3, 2, 0, 4, 0)
Configuration 35: (1, 0, 3, 0, 0, 4, 2)
Configuration 36: (3, 1, 0, 4, 2, 0, 0)
Configuration 37: (3, 1, 0, 0, 2, 4, 0)
Configuration 38: (0, 1, 0, 3, 2, 4, 0)
Configuration 39: (0, 1, 3, 2, 0, 4, 0)
Configuration 40: (0, 1, 3, 0, 0, 4, 2)
Configuration 41: (2, 0, 1, 4, 0, 3, 0)
Configuration 42: (2, 0, 1, 0, 4, 3, 0)
Configuration 43: (0, 0, 1, 2, 4, 3, 0)
Configuration 44: (0, 2, 1, 3, 4, 0, 0)
Configuration 45: (0, 2, 1, 0, 4, 0, 3)
Configuration 46: (0, 2, 0, 1, 4, 0, 3)
Configuration 47: (0, 0, 3, 1, 0, 4, 2)
Configuration 48: (3, 1, 4, 0, 2, 0, 0)
Configuration 49: (3, 1, 0, 2, 0, 4, 0)
Configuration 50: (3, 1, 0, 0, 0, 4, 2)
Configuration 51: (0, 0, 3, 0, 1, 4, 2)
Configuration 52: (0, 1, 0, 3, 0, 4, 2)
Configuration 53: (2, 4, 1, 0, 0, 3, 0)
Configuration 54: (2, 0, 1, 3, 4, 0, 0)
Configuration 55: (2, 0, 1, 0, 4, 0, 3)
Configuration 56: (0, 0, 1, 2, 4, 0, 3)
Configuration 57: (0, 2, 0, 0, 4, 1, 3)
Configuration 58: (3, 1, 4, 2, 0, 0, 0)
Configuration 59: (3, 1, 4, 0, 0, 0, 2)
Configuration 60: (3, 0, 0, 1, 0, 4, 2)
Configuration 61: (3, 0, 0, 0, 1, 4, 2)
Configuration 62: (3, 1, 0, 4, 0, 0, 2)
Configuration 63: (0, 0, 0, 3, 1, 4, 2)
Configuration 64: (2, 4, 1, 3, 0, 0, 0)
Configuration 65: (2, 4, 1, 0, 0, 0, 3)
Configuration 66: (2, 0, 0, 1, 4, 0, 3)
Configuration 67: (2, 0, 0, 0, 4, 1, 3)
Configuration 68: (2, 0, 1, 4, 0, 0, 3)
Configuration 69: (0, 0, 0, 2, 4, 1, 3)
Configuration 70: (3, 1, 4, 0, 0, 2, 0)
Configuration 71: (3, 0, 4, 1, 0, 0, 2)
Configuration 72: (3, 0, 4, 0, 1, 0, 2)
Configuration 73: (0, 3, 0, 0, 1, 4, 2)
Configuration 74: (3, 0, 0, 4, 1, 0, 2)
Configuration 75: (2, 4, 1, 0, 3, 0, 0)
Configuration 76: (2, 4, 0, 1, 0, 0, 3)
Configuration 77: (2, 4, 0, 0, 0, 1, 3)
Configuration 78: (0, 0, 2, 0, 4, 1, 3)
Configuration 79: (2, 0, 0, 4, 0, 1, 3)
Configuration 80: (3, 0, 4, 1, 0, 2, 0)
Configuration 81: (3, 0, 4, 0, 1, 2, 0)
Configuration 82: (0, 3, 4, 0, 1, 0, 2)
Configuration 83: (0, 0, 4, 3, 1, 0, 2)
Configuration 84: (3, 0, 4, 2, 1, 0, 0)
Configuration 85: (0, 3, 0, 4, 1, 0, 2)
Configuration 86: (2, 4, 0, 1, 3, 0, 0)
Configuration 87: (2, 4, 0, 0, 3, 1, 0)
Configuration 88: (0, 4, 2, 0, 0, 1, 3)
Configuration 89: (0, 4, 0, 2, 0, 1, 3)
Configuration 90: (2, 4, 0, 3, 0, 1, 0)
Configuration 91: (0, 0, 2, 4, 0, 1, 3)
Configuration 92: (3, 0, 4, 0, 0, 2, 1)
Configuration 93: (0, 3, 4, 0, 1, 2, 0)
Configuration 94: (0, 0, 4, 3, 1, 2, 0)
Configuration 95: (4, 3, 0, 0, 1, 0, 2)
Configuration 96: (0, 3, 4, 2, 1, 0, 0)
Configuration 97: (2, 4, 0, 0, 3, 0, 1)
Configuration 98: (0, 4, 2, 0, 3, 1, 0)
Configuration 99: (0, 4, 0, 2, 3, 1, 0)
Configuration 100: (4, 0, 2, 0, 0, 1, 3)
Configuration 101: (0, 4, 2, 3, 0, 1, 0)
Configuration 102: (0, 3, 4, 0, 0, 2, 1)
Configuration 103: (0, 0, 4, 3, 0, 2, 1)
Configuration 104: (4, 3, 0, 0, 1, 2, 0)
Configuration 105: (0, 3, 0, 4, 1, 2, 0)
Configuration 106: (0, 3, 4, 1, 0, 2, 0)
Configuration 107: (4, 3, 0, 2, 1, 0, 0)
Configuration 108: (0, 4, 2, 0, 3, 0, 1)
Configuration 109: (0, 4, 0, 2, 3, 0, 1)
Configuration 110: (4, 0, 2, 0, 3, 1, 0)
Configuration 111: (0, 0, 2, 4, 3, 1, 0)
Configuration 112: (0, 4, 2, 1, 3, 0, 0)
Configuration 113: (4, 0, 2, 3, 0, 1, 0)
Configuration 114: (0, 0, 4, 0, 3, 2, 1)
Configuration 115: (4, 3, 0, 0, 0, 2, 1)
Configuration 116: (0, 3, 0, 4, 0, 2, 1)
Configuration 117: (4, 3, 0, 1, 0, 2, 0)
Configuration 118: (4, 3, 2, 0, 1, 0, 0)
Configuration 119: (4, 0, 2, 0, 3, 0, 1)
Configuration 120: (0, 0, 2, 4, 3, 0, 1)
Configuration 121: (0, 4, 0, 0, 3, 2, 1)
Configuration 122: (4, 3, 2, 0, 0, 1, 0)
Configuration 123: (4, 0, 2, 1, 3, 0, 0)
Configuration 124: (4, 0, 0, 0, 3, 2, 1)
Configuration 125: (0, 0, 0, 4, 3, 2, 1)
Configuration 126: (4, 0, 0, 3, 0, 2, 1)
Configuration 127: (4, 3, 2, 0, 0, 0, 1)
Configuration 128: (4, 3, 0, 2, 0, 0, 1)
Configuration 129: (4, 3, 2, 1, 0, 0, 0)
Configuration 130: (4, 0, 0, 2, 3, 0, 1)
Configuration 131: (4, 0, 2, 3, 0, 0, 1)

Relations in the graph:
0: [1, 2, 1, 3]
1: [2, 0, 3, 0, 4, 5, 6, 7]
2: [1, 0, 8, 9]
3: [1, 0, 10, 11]
4: [10, 12, 5, 1, 13, 14, 15, 16]
5: [4, 1]
6: [8, 17, 7, 1, 13, 18, 19, 20]
7: [6, 1]
8: [6, 17, 21, 9, 9, 2, 22, 23]
9: [21, 8, 8, 2]
10: [24, 11, 11, 3, 4, 12, 25, 26]
11: [24, 10, 10, 3]
12: [4, 10]
13: [18, 6, 14, 4, 27, 28, 27, 29]
14: [13, 4]
15: [16, 4]
16: [26, 30, 15, 4, 28, 31, 31, 32]
17: [6, 8]
18: [13, 6]
19: [20, 6]
20: [23, 33, 29, 34, 34, 35, 19, 6]
21: [8, 9, 36, 37]
22: [23, 8]
23: [20, 33, 37, 38, 39, 40, 22, 8]
24: [10, 11, 41, 42]
25: [26, 10]
26: [42, 43, 16, 30, 25, 10, 44, 45]
27: [28, 13, 29, 13]
28: [31, 16, 27, 13]
29: [34, 20, 27, 13]
30: [16, 26]
31: [28, 16, 16, 32]
32: [45, 46, 31, 16]
33: [20, 23]
34: [29, 20, 20, 35]
35: [40, 47, 34, 20]
36: [48, 37, 37, 21]
37: [23, 38, 49, 50, 48, 36, 36, 21]
38: [37, 23]
39: [23, 40]
40: [35, 47, 47, 51, 50, 52, 39, 23]
41: [53, 42, 42, 24]
42: [26, 43, 53, 41, 41, 24, 54, 55]
43: [42, 26]
44: [26, 45]
45: [55, 56, 32, 46, 46, 57, 44, 26]
46: [32, 45, 45, 57]
47: [35, 40, 40, 51]
48: [36, 37, 58, 59]
49: [37, 50]
50: [40, 52, 60, 61, 59, 62, 49, 37]
51: [61, 63, 40, 47]
52: [50, 40]
53: [41, 42, 64, 65]
54: [42, 55]
55: [45, 56, 66, 67, 65, 68, 54, 42]
56: [55, 45]
57: [67, 69, 45, 46]
58: [48, 59, 70, 59]
59: [71, 72, 62, 50, 58, 48, 58, 70]
60: [50, 61]
61: [73, 63, 51, 63, 50, 60, 72, 74]
62: [59, 50]
63: [61, 73, 61, 51]
64: [75, 65, 53, 65]
65: [68, 55, 76, 77, 64, 75, 64, 53]
66: [55, 67]
67: [57, 69, 78, 69, 77, 79, 55, 66]
68: [65, 55]
69: [67, 57, 67, 78]
70: [80, 81, 58, 59]
71: [59, 72]
72: [82, 83, 74, 61, 59, 71, 84, 81]
73: [61, 63, 82, 85]
74: [72, 61]
75: [86, 87, 64, 65]
76: [65, 77]
77: [88, 89, 79, 67, 65, 76, 90, 87]
78: [67, 69, 88, 91]
79: [77, 67]
80: [70, 81, 81, 92]
81: [93, 94, 70, 80, 80, 92, 84, 72]
82: [72, 83, 95, 85, 85, 73, 96, 93]
83: [72, 82]
84: [81, 72]
85: [95, 82, 82, 73]
86: [75, 87, 87, 97]
87: [98, 99, 90, 77, 75, 86, 86, 97]
88: [100, 91, 91, 78, 77, 89, 101, 98]
89: [77, 88]
90: [87, 77]
91: [100, 88, 88, 78]
92: [102, 103, 80, 81]
93: [81, 94, 104, 105, 106, 102, 96, 82]
94: [81, 93]
95: [82, 85, 107, 104]
96: [93, 82]
97: [108, 109, 86, 87]
98: [110, 111, 87, 99, 101, 88, 112, 108]
99: [87, 98]
100: [88, 91, 113, 110]
101: [98, 88]
102: [92, 103, 103, 114, 115, 116, 106, 93]
103: [92, 102, 102, 114]
104: [93, 105, 117, 115, 118, 107, 107, 95]
105: [104, 93]
106: [93, 102]
107: [118, 104, 104, 95]
108: [119, 120, 97, 109, 109, 121, 112, 98]
109: [97, 108, 108, 121]
110: [98, 111, 122, 113, 113, 100, 123, 119]
111: [110, 98]
112: [98, 108]
113: [122, 110, 110, 100]
114: [124, 125, 102, 103]
115: [102, 116, 126, 124, 127, 128, 117, 104]
116: [115, 102]
117: [104, 115]
118: [107, 104, 129, 127]
119: [108, 120, 130, 124, 127, 131, 123, 110]
120: [119, 108]
121: [124, 125, 108, 109]
122: [113, 110, 129, 127]
123: [110, 119]
124: [121, 125, 114, 125, 115, 126, 119, 130]
125: [124, 121, 124, 114]
126: [115, 124]
127: [131, 119, 128, 115, 129, 118, 129, 122]
128: [127, 115]
129: [118, 127, 122, 127]
130: [119, 124]
131: [127, 119]
