We found a sample component with 56 configurations 

configurations found:
Configuration 0: (0, 0, 0, 0, 0, 1, 2, 3)
Configuration 1: (0, 1, 0, 0, 0, 0, 2, 3)
Configuration 2: (0, 0, 1, 0, 0, 0, 2, 3)
Configuration 3: (0, 0, 0, 0, 1, 0, 2, 3)
Configuration 4: (0, 0, 2, 0, 0, 1, 0, 3)
Configuration 5: (0, 0, 0, 2, 0, 1, 0, 3)
Configuration 6: (1, 0, 0, 0, 0, 0, 2, 3)
Configuration 7: (0, 1, 2, 0, 0, 0, 0, 3)
Configuration 8: (0, 1, 0, 2, 0, 0, 0, 3)
Configuration 9: (0, 1, 0, 0, 0, 2, 0, 3)
Configuration 10: (0, 0, 2, 0, 1, 0, 0, 3)
Configuration 11: (0, 0, 0, 2, 1, 0, 0, 3)
Configuration 12: (0, 0, 0, 0, 1, 2, 0, 3)
Configuration 13: (0, 0, 2, 3, 0, 1, 0, 0)
Configuration 14: (0, 0, 2, 0, 0, 1, 3, 0)
Configuration 15: (0, 0, 1, 2, 0, 0, 0, 3)
Configuration 16: (0, 0, 0, 2, 0, 0, 1, 3)
Configuration 17: (1, 0, 2, 0, 0, 0, 0, 3)
Configuration 18: (1, 0, 0, 2, 0, 0, 0, 3)
Configuration 19: (1, 0, 0, 0, 0, 2, 0, 3)
Configuration 20: (0, 1, 2, 3, 0, 0, 0, 0)
Configuration 21: (0, 1, 2, 0, 0, 0, 3, 0)
Configuration 22: (0, 1, 0, 3, 0, 2, 0, 0)
Configuration 23: (0, 1, 0, 0, 0, 2, 3, 0)
Configuration 24: (0, 2, 0, 0, 1, 0, 0, 3)
Configuration 25: (0, 0, 2, 3, 1, 0, 0, 0)
Configuration 26: (0, 0, 2, 0, 1, 0, 3, 0)
Configuration 27: (0, 0, 0, 3, 1, 2, 0, 0)
Configuration 28: (0, 0, 0, 0, 1, 2, 3, 0)
Configuration 29: (1, 2, 0, 0, 0, 0, 0, 3)
Configuration 30: (1, 0, 2, 3, 0, 0, 0, 0)
Configuration 31: (1, 0, 2, 0, 0, 0, 3, 0)
Configuration 32: (1, 0, 0, 0, 2, 0, 0, 3)
Configuration 33: (1, 0, 0, 3, 0, 2, 0, 0)
Configuration 34: (1, 0, 0, 0, 0, 2, 3, 0)
Configuration 35: (0, 1, 0, 3, 0, 0, 2, 0)
Configuration 36: (0, 1, 3, 0, 0, 2, 0, 0)
Configuration 37: (0, 2, 0, 3, 1, 0, 0, 0)
Configuration 38: (0, 2, 0, 0, 1, 0, 3, 0)
Configuration 39: (0, 0, 0, 3, 1, 0, 2, 0)
Configuration 40: (0, 0, 3, 0, 1, 2, 0, 0)
Configuration 41: (1, 2, 0, 3, 0, 0, 0, 0)
Configuration 42: (1, 2, 0, 0, 0, 0, 3, 0)
Configuration 43: (1, 0, 0, 3, 0, 0, 2, 0)
Configuration 44: (1, 0, 0, 3, 2, 0, 0, 0)
Configuration 45: (1, 0, 0, 0, 2, 0, 3, 0)
Configuration 46: (1, 0, 3, 0, 0, 2, 0, 0)
Configuration 47: (0, 0, 1, 3, 0, 0, 2, 0)
Configuration 48: (0, 0, 0, 3, 0, 1, 2, 0)
Configuration 49: (0, 2, 3, 0, 1, 0, 0, 0)
Configuration 50: (0, 2, 0, 0, 1, 3, 0, 0)
Configuration 51: (1, 2, 3, 0, 0, 0, 0, 0)
Configuration 52: (1, 2, 0, 0, 0, 3, 0, 0)
Configuration 53: (1, 0, 3, 0, 2, 0, 0, 0)
Configuration 54: (1, 0, 0, 0, 2, 3, 0, 0)
Configuration 55: (1, 3, 0, 0, 2, 0, 0, 0)

Relations in the graph:
0: [1, 2, 3, 4, 5]
1: [6, 2, 3, 0, 7, 8, 9]
2: [1, 0]
3: [6, 1, 0, 10, 11, 12]
4: [5, 0, 7, 10, 13, 14]
5: [4, 0, 8, 15, 11, 16]
6: [1, 3, 17, 18, 19]
7: [17, 10, 4, 8, 9, 1, 20, 21]
8: [18, 15, 11, 5, 7, 1]
9: [19, 12, 7, 1, 22, 23]
10: [24, 11, 12, 3, 17, 7, 4, 25, 26]
11: [10, 3, 18, 8, 5]
12: [19, 9, 24, 10, 3, 27, 28]
13: [14, 4, 20, 25]
14: [21, 26, 13, 4]
15: [8, 5, 16]
16: [15, 5]
17: [7, 10, 29, 18, 19, 6, 30, 31]
18: [8, 11, 17, 6]
19: [9, 12, 29, 17, 32, 6, 33, 34]
20: [30, 25, 13, 22, 35, 21, 7]
21: [31, 26, 14, 20, 7]
22: [33, 27, 36, 23, 9, 20, 35]
23: [34, 28, 36, 22, 9]
24: [10, 12, 37, 38]
25: [37, 27, 39, 26, 10, 30, 20, 13]
26: [38, 28, 31, 21, 14, 25, 10]
27: [40, 28, 12, 33, 22, 37, 25, 39]
28: [34, 23, 38, 26, 40, 27, 12]
29: [17, 32, 19, 41, 42]
30: [20, 25, 41, 33, 43, 31, 17]
31: [21, 26, 42, 34, 30, 17]
32: [29, 19, 44, 45]
33: [22, 27, 46, 34, 19, 41, 30, 44, 43]
34: [23, 28, 42, 31, 45, 46, 33, 19]
35: [43, 47, 39, 48, 20, 22]
36: [46, 40, 22, 23]
37: [25, 27, 49, 38, 24]
38: [26, 28, 49, 37, 50, 24]
39: [43, 35, 48, 25, 27]
40: [27, 28, 46, 36]
41: [30, 44, 33, 51, 42, 29]
42: [31, 45, 34, 51, 41, 52, 29]
43: [35, 39, 30, 33]
44: [53, 45, 32, 41, 33]
45: [42, 34, 53, 44, 54, 32]
46: [36, 40, 33, 34, 51, 53]
47: [35, 48]
48: [35, 47, 39]
49: [37, 50, 38]
50: [49, 38]
51: [53, 46, 41, 52, 42]
52: [51, 42]
53: [55, 44, 54, 45, 51, 46]
54: [55, 53, 45]
55: [53, 54]
