We found a sample component with 70 configurations 

configurations found:
Configuration 0: (0, 0, 0, 0, 1, 2, 3, 4)
Configuration 1: (1, 0, 0, 0, 0, 2, 3, 4)
Configuration 2: (0, 1, 0, 0, 0, 2, 3, 4)
Configuration 3: (0, 2, 0, 0, 1, 0, 3, 4)
Configuration 4: (0, 0, 2, 0, 1, 0, 3, 4)
Configuration 5: (0, 0, 3, 0, 1, 2, 0, 4)
Configuration 6: (0, 0, 0, 3, 1, 2, 0, 4)
Configuration 7: (1, 2, 0, 0, 0, 0, 3, 4)
Configuration 8: (1, 0, 2, 0, 0, 0, 3, 4)
Configuration 9: (1, 0, 0, 0, 2, 0, 3, 4)
Configuration 10: (1, 0, 3, 0, 0, 2, 0, 4)
Configuration 11: (1, 0, 0, 3, 0, 2, 0, 4)
Configuration 12: (0, 1, 3, 0, 0, 2, 0, 4)
Configuration 13: (0, 1, 0, 3, 0, 2, 0, 4)
Configuration 14: (0, 2, 3, 0, 1, 0, 0, 4)
Configuration 15: (0, 2, 0, 3, 1, 0, 0, 4)
Configuration 16: (0, 2, 0, 0, 1, 3, 0, 4)
Configuration 17: (0, 1, 2, 0, 0, 0, 3, 4)
Configuration 18: (0, 0, 2, 0, 0, 1, 3, 4)
Configuration 19: (0, 0, 3, 4, 1, 2, 0, 0)
Configuration 20: (0, 0, 3, 0, 1, 2, 4, 0)
Configuration 21: (0, 0, 2, 3, 1, 0, 0, 4)
Configuration 22: (0, 0, 0, 3, 1, 0, 2, 4)
Configuration 23: (1, 2, 3, 0, 0, 0, 0, 4)
Configuration 24: (1, 2, 0, 3, 0, 0, 0, 4)
Configuration 25: (1, 2, 0, 0, 0, 3, 0, 4)
Configuration 26: (1, 0, 3, 0, 2, 0, 0, 4)
Configuration 27: (1, 0, 0, 3, 2, 0, 0, 4)
Configuration 28: (1, 0, 0, 0, 2, 3, 0, 4)
Configuration 29: (1, 0, 3, 4, 0, 2, 0, 0)
Configuration 30: (1, 0, 3, 0, 0, 2, 4, 0)
Configuration 31: (1, 0, 2, 3, 0, 0, 0, 4)
Configuration 32: (1, 0, 0, 3, 0, 0, 2, 4)
Configuration 33: (0, 1, 3, 4, 0, 2, 0, 0)
Configuration 34: (0, 1, 3, 0, 0, 2, 4, 0)
Configuration 35: (0, 1, 2, 3, 0, 0, 0, 4)
Configuration 36: (0, 1, 0, 3, 0, 0, 2, 4)
Configuration 37: (0, 2, 3, 4, 1, 0, 0, 0)
Configuration 38: (0, 2, 3, 0, 1, 0, 4, 0)
Configuration 39: (0, 2, 0, 4, 1, 3, 0, 0)
Configuration 40: (0, 2, 0, 0, 1, 3, 4, 0)
Configuration 41: (0, 0, 2, 3, 0, 1, 0, 4)
Configuration 42: (0, 0, 0, 3, 0, 1, 2, 4)
Configuration 43: (1, 2, 3, 4, 0, 0, 0, 0)
Configuration 44: (1, 2, 3, 0, 0, 0, 4, 0)
Configuration 45: (1, 2, 0, 4, 0, 3, 0, 0)
Configuration 46: (1, 2, 0, 0, 0, 3, 4, 0)
Configuration 47: (1, 3, 0, 0, 2, 0, 0, 4)
Configuration 48: (1, 0, 3, 4, 2, 0, 0, 0)
Configuration 49: (1, 0, 3, 0, 2, 0, 4, 0)
Configuration 50: (1, 0, 0, 4, 2, 3, 0, 0)
Configuration 51: (1, 0, 0, 0, 2, 3, 4, 0)
Configuration 52: (0, 0, 1, 3, 0, 0, 2, 4)
Configuration 53: (0, 2, 0, 4, 1, 0, 3, 0)
Configuration 54: (0, 2, 4, 0, 1, 3, 0, 0)
Configuration 55: (1, 2, 0, 4, 0, 0, 3, 0)
Configuration 56: (1, 2, 4, 0, 0, 3, 0, 0)
Configuration 57: (1, 3, 0, 4, 2, 0, 0, 0)
Configuration 58: (1, 3, 0, 0, 2, 0, 4, 0)
Configuration 59: (1, 0, 0, 4, 2, 0, 3, 0)
Configuration 60: (1, 0, 4, 0, 2, 3, 0, 0)
Configuration 61: (0, 0, 2, 4, 1, 0, 3, 0)
Configuration 62: (0, 0, 0, 4, 1, 2, 3, 0)
Configuration 63: (1, 0, 2, 4, 0, 0, 3, 0)
Configuration 64: (1, 0, 0, 4, 0, 2, 3, 0)
Configuration 65: (1, 3, 4, 0, 2, 0, 0, 0)
Configuration 66: (1, 3, 0, 0, 2, 4, 0, 0)
Configuration 67: (0, 1, 2, 4, 0, 0, 3, 0)
Configuration 68: (0, 0, 2, 4, 0, 1, 3, 0)
Configuration 69: (0, 1, 0, 4, 0, 2, 3, 0)

Relations in the graph:
0: [1, 2, 3, 4, 5, 6]
1: [2, 0, 7, 8, 9, 10, 11]
2: [1, 0, 12, 13]
3: [4, 0, 14, 15, 16]
4: [3, 0, 8, 17, 18]
5: [6, 0, 10, 12, 19, 20]
6: [5, 0, 11, 13, 15, 21, 22]
7: [8, 9, 1, 23, 24, 25]
8: [17, 4, 7, 1]
9: [7, 1, 26, 27, 28]
10: [12, 5, 11, 1, 23, 26, 29, 30]
11: [13, 6, 10, 1, 24, 31, 27, 32]
12: [10, 5, 13, 2, 33, 34]
13: [11, 6, 12, 2, 35, 36]
14: [15, 16, 3, 37, 38]
15: [21, 6, 14, 3]
16: [14, 3, 39, 40]
17: [8, 4, 18]
18: [17, 4]
19: [20, 5, 29, 33]
20: [30, 34, 19, 5]
21: [15, 6, 22, 31, 35, 41]
22: [32, 36, 42, 21, 6]
23: [26, 10, 24, 25, 7, 43, 44]
24: [31, 27, 11, 23, 7]
25: [23, 7, 45, 46]
26: [47, 27, 28, 9, 23, 10, 48, 49]
27: [26, 9, 24, 11]
28: [47, 26, 9, 50, 51]
29: [33, 19, 30, 10, 43, 48]
30: [34, 20, 44, 49, 29, 10]
31: [35, 21, 24, 11, 32]
32: [36, 22, 31, 11]
33: [29, 19, 34, 12]
34: [30, 20, 33, 12]
35: [31, 21, 41, 13, 36]
36: [32, 52, 22, 42, 35, 13]
37: [39, 53, 38, 14]
38: [37, 14]
39: [54, 40, 16, 37, 53]
40: [54, 39, 16]
41: [35, 21]
42: [36, 52, 22]
43: [48, 29, 45, 55, 44, 23]
44: [49, 30, 43, 23]
45: [56, 46, 25, 43, 55]
46: [56, 45, 25]
47: [26, 28, 57, 58]
48: [57, 50, 59, 49, 26, 43, 29]
49: [58, 51, 44, 30, 48, 26]
50: [60, 51, 28, 57, 48, 59]
51: [58, 49, 60, 50, 28]
52: [36, 42]
53: [61, 62, 37, 39]
54: [39, 40]
55: [63, 59, 64, 43, 45]
56: [45, 46]
57: [48, 50, 65, 58, 47]
58: [49, 51, 65, 57, 66, 47]
59: [55, 64, 48, 50]
60: [50, 51]
61: [53, 62, 63, 67, 68]
62: [64, 69, 53, 61]
63: [67, 61, 55, 64]
64: [69, 62, 55, 63, 59]
65: [57, 66, 58]
66: [65, 58]
67: [63, 61, 68]
68: [67, 61]
69: [64, 62]
