We found a sample component with 80 configurations 

configurations found:
Configuration 0: (0, 0, 1, 2, 3, 4, 5, 6, 7)
Configuration 1: (2, 0, 1, 0, 3, 4, 5, 6, 7)
Configuration 2: (0, 2, 1, 0, 3, 4, 5, 6, 7)
Configuration 3: (2, 3, 1, 0, 0, 4, 5, 6, 7)
Configuration 4: (2, 0, 1, 3, 0, 4, 5, 6, 7)
Configuration 5: (2, 3, 1, 5, 0, 4, 0, 6, 7)
Configuration 6: (2, 3, 1, 0, 5, 4, 0, 6, 7)
Configuration 7: (2, 1, 0, 3, 0, 4, 5, 6, 7)
Configuration 8: (2, 0, 0, 3, 1, 4, 5, 6, 7)
Configuration 9: (2, 3, 1, 5, 6, 4, 0, 0, 7)
Configuration 10: (2, 3, 1, 5, 0, 4, 6, 0, 7)
Configuration 11: (2, 1, 4, 3, 0, 0, 5, 6, 7)
Configuration 12: (2, 1, 0, 3, 4, 0, 5, 6, 7)
Configuration 13: (2, 3, 1, 5, 4, 0, 6, 0, 7)
Configuration 14: (2, 3, 1, 5, 0, 0, 6, 4, 7)
Configuration 15: (2, 1, 4, 3, 6, 0, 5, 0, 7)
Configuration 16: (2, 1, 4, 3, 0, 6, 5, 0, 7)
Configuration 17: (2, 3, 1, 5, 4, 7, 6, 0, 0)
Configuration 18: (2, 3, 1, 5, 4, 0, 6, 7, 0)
Configuration 19: (2, 3, 0, 5, 1, 0, 6, 4, 7)
Configuration 20: (2, 3, 0, 5, 0, 1, 6, 4, 7)
Configuration 21: (2, 1, 4, 3, 6, 7, 5, 0, 0)
Configuration 22: (2, 1, 4, 3, 6, 0, 5, 7, 0)
Configuration 23: (2, 1, 4, 3, 5, 6, 0, 0, 7)
Configuration 24: (2, 1, 4, 3, 0, 6, 0, 5, 7)
Configuration 25: (2, 0, 3, 5, 0, 1, 6, 4, 7)
Configuration 26: (2, 0, 0, 5, 3, 1, 6, 4, 7)
Configuration 27: (2, 1, 4, 0, 3, 6, 0, 5, 7)
Configuration 28: (2, 1, 4, 0, 0, 6, 3, 5, 7)
Configuration 29: (2, 5, 3, 0, 0, 1, 6, 4, 7)
Configuration 30: (2, 0, 3, 0, 5, 1, 6, 4, 7)
Configuration 31: (2, 0, 4, 1, 0, 6, 3, 5, 7)
Configuration 32: (2, 0, 4, 0, 1, 6, 3, 5, 7)
Configuration 33: (2, 5, 3, 6, 0, 1, 0, 4, 7)
Configuration 34: (2, 5, 3, 0, 6, 1, 0, 4, 7)
Configuration 35: (0, 2, 3, 0, 5, 1, 6, 4, 7)
Configuration 36: (0, 0, 3, 2, 5, 1, 6, 4, 7)
Configuration 37: (2, 4, 0, 1, 0, 6, 3, 5, 7)
Configuration 38: (2, 0, 0, 1, 4, 6, 3, 5, 7)
Configuration 39: (0, 2, 4, 0, 1, 6, 3, 5, 7)
Configuration 40: (0, 0, 4, 2, 1, 6, 3, 5, 7)
Configuration 41: (2, 5, 3, 6, 4, 1, 0, 0, 7)
Configuration 42: (2, 5, 3, 6, 0, 1, 4, 0, 7)
Configuration 43: (2, 4, 6, 1, 0, 0, 3, 5, 7)
Configuration 44: (2, 4, 0, 1, 6, 0, 3, 5, 7)
Configuration 45: (2, 5, 3, 6, 1, 0, 4, 0, 7)
Configuration 46: (2, 5, 3, 6, 0, 0, 4, 1, 7)
Configuration 47: (2, 4, 6, 1, 5, 0, 3, 0, 7)
Configuration 48: (2, 4, 6, 1, 0, 5, 3, 0, 7)
Configuration 49: (2, 5, 3, 6, 1, 7, 4, 0, 0)
Configuration 50: (2, 5, 3, 6, 1, 0, 4, 7, 0)
Configuration 51: (2, 5, 0, 6, 3, 0, 4, 1, 7)
Configuration 52: (2, 5, 0, 6, 0, 3, 4, 1, 7)
Configuration 53: (2, 4, 6, 1, 5, 7, 3, 0, 0)
Configuration 54: (2, 4, 6, 1, 5, 0, 3, 7, 0)
Configuration 55: (2, 4, 6, 1, 3, 5, 0, 0, 7)
Configuration 56: (2, 4, 6, 1, 0, 5, 0, 3, 7)
Configuration 57: (2, 0, 5, 6, 0, 3, 4, 1, 7)
Configuration 58: (2, 0, 0, 6, 5, 3, 4, 1, 7)
Configuration 59: (2, 4, 6, 0, 1, 5, 0, 3, 7)
Configuration 60: (2, 4, 6, 0, 0, 5, 1, 3, 7)
Configuration 61: (2, 6, 5, 0, 0, 3, 4, 1, 7)
Configuration 62: (2, 0, 5, 0, 6, 3, 4, 1, 7)
Configuration 63: (2, 0, 6, 4, 0, 5, 1, 3, 7)
Configuration 64: (2, 0, 6, 0, 4, 5, 1, 3, 7)
Configuration 65: (2, 6, 5, 4, 0, 3, 0, 1, 7)
Configuration 66: (2, 6, 5, 0, 4, 3, 0, 1, 7)
Configuration 67: (0, 2, 5, 0, 6, 3, 4, 1, 7)
Configuration 68: (0, 0, 5, 2, 6, 3, 4, 1, 7)
Configuration 69: (2, 6, 0, 4, 0, 5, 1, 3, 7)
Configuration 70: (2, 0, 0, 4, 6, 5, 1, 3, 7)
Configuration 71: (0, 2, 6, 0, 4, 5, 1, 3, 7)
Configuration 72: (0, 0, 6, 2, 4, 5, 1, 3, 7)
Configuration 73: (2, 6, 5, 4, 1, 3, 0, 0, 7)
Configuration 74: (2, 6, 5, 4, 0, 3, 1, 0, 7)
Configuration 75: (2, 6, 5, 4, 0, 0, 1, 3, 7)
Configuration 76: (2, 6, 0, 4, 5, 0, 1, 3, 7)
Configuration 77: (2, 6, 5, 4, 3, 0, 1, 0, 7)
Configuration 78: (2, 6, 5, 4, 3, 7, 1, 0, 0)
Configuration 79: (2, 6, 5, 4, 3, 0, 1, 7, 0)

Relations in the graph:
0: [1, 2]
1: [2, 0, 3, 4]
2: [1, 0]
3: [4, 1, 5, 6]
4: [7, 8, 3, 1]
5: [6, 3, 9, 10]
6: [5, 3]
7: [4, 8, 11, 12]
8: [7, 4]
9: [10, 5]
10: [13, 14, 9, 5]
11: [12, 7, 15, 16]
12: [11, 7]
13: [10, 14, 17, 18]
14: [19, 20, 13, 10]
15: [16, 11, 21, 22]
16: [15, 11, 23, 24]
17: [18, 13]
18: [17, 13]
19: [14, 20]
20: [25, 26, 14, 19]
21: [22, 15]
22: [21, 15]
23: [16, 24]
24: [27, 28, 23, 16]
25: [20, 26, 29, 30]
26: [20, 25]
27: [24, 28]
28: [31, 32, 24, 27]
29: [25, 30, 33, 34]
30: [35, 36, 29, 25]
31: [37, 38, 28, 32]
32: [39, 40, 28, 31]
33: [34, 29, 41, 42]
34: [33, 29]
35: [30, 36]
36: [30, 35]
37: [31, 38, 43, 44]
38: [37, 31]
39: [32, 40]
40: [32, 39]
41: [42, 33]
42: [45, 46, 41, 33]
43: [44, 37, 47, 48]
44: [43, 37]
45: [42, 46, 49, 50]
46: [51, 52, 45, 42]
47: [48, 43, 53, 54]
48: [47, 43, 55, 56]
49: [50, 45]
50: [49, 45]
51: [46, 52]
52: [57, 58, 46, 51]
53: [54, 47]
54: [53, 47]
55: [48, 56]
56: [59, 60, 55, 48]
57: [52, 58, 61, 62]
58: [52, 57]
59: [56, 60]
60: [63, 64, 56, 59]
61: [57, 62, 65, 66]
62: [67, 68, 61, 57]
63: [69, 70, 60, 64]
64: [71, 72, 60, 63]
65: [66, 61, 73, 74]
66: [65, 61]
67: [62, 68]
68: [62, 67]
69: [63, 70, 75, 76]
70: [69, 63]
71: [64, 72]
72: [64, 71]
73: [74, 65]
74: [77, 75, 73, 65]
75: [76, 69, 77, 74]
76: [75, 69]
77: [74, 75, 78, 79]
78: [79, 77]
79: [78, 77]
