We found 2 components with 5 configurations each.

Component 1:
(0, 2, 0, 1) [(2, 0, 0, 1), (0, 0, 2, 1)]
(0, 0, 2, 1) [(2, 0, 0, 1), (0, 2, 0, 1)]
(2, 0, 1, 0) [(2, 1, 0, 0), (2, 0, 0, 1)]
(2, 0, 0, 1) [(0, 2, 0, 1), (0, 0, 2, 1), (2, 1, 0, 0), (2, 0, 1, 0)]
(2, 1, 0, 0) [(2, 0, 1, 0), (2, 0, 0, 1)]


Component 2:
(0, 0, 1, 2) [(1, 0, 0, 2), (0, 1, 0, 2)]
(1, 0, 0, 2) [(0, 1, 0, 2), (0, 0, 1, 2), (1, 2, 0, 0), (1, 0, 2, 0)]
(0, 1, 0, 2) [(1, 0, 0, 2), (0, 0, 1, 2)]
(1, 0, 2, 0) [(1, 2, 0, 0), (1, 0, 0, 2)]
(1, 2, 0, 0) [(1, 0, 2, 0), (1, 0, 0, 2)]

